131940
131756
131750
131880
131847
131758
131881
131761
132017
132052
131806
132014
131857
132065
132062
131776
131883
131894
131846
131960
131765
132013
131770
132005
131990
131933
131886
131850
131804
132021
132066
131755
131789
132006
131867
131870
131906
131762
131796
131839
131764
131898
131929
132064
131899
131979
131902
131772
132001
131915
131773
131799
131812
131926
132036
131942
131856
131868
131779
131939
132031
131809
131815
132042
132044
131814
131925
131943
131775
131800
132074
132070
132007
131875
131802
131951
131821
132099
132038
131827
131745
132049
131840
131953
131924
131900
131928
131780
132075
131956
131746
131957
131782
131767
132076
131768
131930
131826
131948
131984
132018
131907
131914
131790
131888
131891
131983
131784
132051
131810
131788
131787
131938
131905
131813
131996
131803
131749
131766
132081
131861
132000
131937
132047
131760
131783
131947
132045
131795
131794
132041
131747
131791
132096
131969
131949
131970
131997
131963
131859
131842
131998
132003
131786
131774
132100
131918
131845
131816
132016
131771
